0.000000 0.004750
0.004750 0.419375
0.419375 0.843500
0.843500 3.052250
3.052250 3.502250
3.502250 4.061500
4.061500 4.077000
4.077000 4.469750
4.469750 4.597000
4.597000 5.157000
5.157000 5.257000
5.257000 5.477000
5.477000 5.647000
5.647000 5.917000
5.917000 6.097000
6.097000 6.517000
6.517000 6.727000
6.727000 6.987000
6.987000 7.147000
7.147000 7.507000
7.507000 7.755625
7.755625 8.109625
8.109625 8.815375
8.815375 9.047000
9.047000 9.107000
9.107000 9.557000
9.557000 10.737000
10.737000 10.797000
10.797000 11.357000
11.357000 11.727000
11.727000 11.947000
11.947000 12.259500
12.259500 12.465625
12.465625 12.685625
12.685625 12.935625
12.935625 13.155625
13.155625 13.265625
13.265625 13.435625
13.435625 13.745625
13.745625 14.115625
14.115625 14.265625
14.265625 14.445625
14.445625 14.565625
14.565625 14.625625
14.625625 14.905625
14.905625 15.085625
15.085625 15.575625
15.575625 15.795625
15.795625 16.515625
16.515625 16.830875
16.830875 17.010125
17.010125 17.290125
17.290125 17.760125
17.760125 18.317125
18.317125 18.980000
18.980000 19.180125
19.180125 19.350125
19.350125 19.690125
19.690125 19.910125
19.910125 20.030125
20.030125 20.350125
20.350125 21.080125
21.080125 21.360125
21.360125 21.630125
21.630125 21.880125
21.880125 22.370000
22.370000 22.727750
22.727750 22.900125
22.900125 23.030125
23.030125 23.260125
23.260125 23.580125
23.580125 23.810125
23.810125 24.120125
24.120125 24.220125
24.220125 24.520125
24.520125 24.760125
24.760125 25.050125
25.050125 25.210125
25.210125 25.340125
25.340125 25.410125
25.410125 25.801125
25.801125 26.059250
26.059250 26.345250
26.345250 26.469250
26.469250 26.579250
26.579250 26.869250
26.869250 27.199250
27.199250 27.339250
27.339250 27.419250
27.419250 27.829250
27.829250 28.152625
28.152625 28.338500
28.338500 41.600500
41.600500 42.070500
42.070500 42.231125
42.231125 42.630500
42.630500 43.108000
43.108000 43.435625
43.435625 43.650500
43.650500 44.250500
44.250500 44.670500
44.670500 44.941625
44.941625 45.291875
45.291875 45.800500
45.800500 45.920500
45.920500 46.690500
46.690500 46.820500
46.820500 47.370500
47.370500 47.500500
47.500500 47.570500
47.570500 47.930500
47.930500 48.220500
48.220500 48.630500
48.630500 49.030500
49.030500 49.190500
49.190500 49.540500
49.540500 49.840500
49.840500 49.990500
49.990500 50.100500
50.100500 50.170500
50.170500 51.030500
51.030500 51.790500
51.790500 52.144500
52.144500 52.393000
52.393000 52.480500
52.480500 52.710500
52.710500 52.770500
52.770500 52.830500
52.830500 53.330500
53.330500 53.750500
53.750500 54.020375
54.020375 54.351000
54.351000 54.957125
54.957125 54.997250
54.997250 55.157250
55.157250 55.567250
55.567250 55.597250
55.597250 55.827250
55.827250 55.987250
55.987250 56.077250
56.077250 56.677250
56.677250 56.737250
56.737250 56.957250
56.957250 57.337250
57.337250 57.627250
57.627250 57.907250
57.907250 58.607125
58.607125 58.931125
58.931125 59.237250
59.237250 59.507250
59.507250 59.637250
59.637250 59.937250
59.937250 60.047250
60.047250 60.227250
60.227250 60.747500
60.747500 61.320500
61.320500 61.798750
61.798750 62.368750
62.368750 62.716000
62.716000 63.124250
63.124250 71.528250
71.528250 72.008250
72.008250 72.416375
72.416375 72.902750
72.902750 89.683750
89.683750 90.109500
90.109500 90.343750
90.343750 90.643750
90.643750 90.753750
90.753750 91.003750
91.003750 91.183750
91.183750 91.333750
91.333750 91.393750
91.393750 91.603750
91.603750 91.913750
91.913750 92.113750
92.113750 92.491375
92.491375 92.770000
92.770000 92.973750
92.973750 93.173750
93.173750 93.363750
93.363750 93.483750
93.483750 93.833750
93.833750 94.253750
94.253750 94.323750
94.323750 94.833750
94.833750 95.163750
95.163750 95.353750
95.353750 95.551875
95.551875 95.793750
95.793750 96.093750
96.093750 96.213750
96.213750 96.303750
96.303750 96.463750
96.463750 96.556000
96.556000 97.142250
97.142250 97.634625
97.634625 99.814625
99.814625 100.077000
100.077000 100.469750
100.469750 100.846875
100.846875 116.491125
116.491125 116.731375
116.731375 117.253125
117.253125 117.641125
117.641125 117.964875
117.964875 118.349875
118.349875 120.081625
120.081625 120.196375
120.196375 127.056125
127.056125 127.306125
127.306125 127.366125
127.366125 127.426125
127.426125 127.606125
127.606125 127.686125
127.686125 128.076125
128.076125 128.166125
128.166125 128.316125
128.316125 128.406125
128.406125 128.656125
128.656125 128.786125
128.786125 129.256125
129.256125 129.531000
129.531000 129.888875
129.888875 130.356125
130.356125 130.776125
130.776125 130.996125
130.996125 131.320000
131.320000 131.626750
131.626750 136.380500
136.380500 136.844250
136.844250 137.000500
137.000500 137.160500
137.160500 137.360500
137.360500 137.660500
137.660500 137.960500
137.960500 138.180500
138.180500 138.360500
138.360500 138.690500
138.690500 139.210500
139.210500 139.390500
139.390500 139.690500
139.690500 139.750500
139.750500 139.810500
139.810500 140.090500
140.090500 140.260500
140.260500 140.500500
140.500500 140.710500
140.710500 141.230500
141.230500 141.960500
141.960500 142.230500
142.230500 142.560500
142.560500 142.850500
142.850500 143.124125
143.124125 143.301375
143.301375 178.380625
178.380625 178.759000
178.759000 178.900625
178.900625 179.010625
179.010625 179.270625
179.270625 179.420625
179.420625 180.078750
180.078750 180.383875
180.383875 180.660625
180.660625 181.030625
181.030625 181.406625
181.406625 181.609250
181.609250 182.366625
182.366625 182.596375
182.596375 183.120625
183.120625 183.530625
183.530625 184.010625
184.010625 184.190625
184.190625 184.430625
184.430625 184.770625
184.770625 184.960625
184.960625 185.400625
185.400625 185.666125
185.666125 186.439875
186.439875 186.989875
186.989875 187.549875
187.549875 187.839875
187.839875 188.419875
188.419875 188.539875
188.539875 188.660125
188.660125 188.859875
188.859875 188.989875
188.989875 189.289875
189.289875 189.359875
189.359875 190.269875
190.269875 190.599875
190.599875 190.812375
190.812375 191.106125
191.106125 191.919875
191.919875 192.259875
192.259875 192.319875
192.319875 192.639875
192.639875 192.969875
192.969875 193.129875
193.129875 193.339875
193.339875 193.629875
193.629875 193.848000
193.848000 194.097375
194.097375 194.977125
194.977125 195.174250
195.174250 195.462125
195.462125 195.656625
195.656625 201.261875
201.261875 201.646875
201.646875 201.933125
201.933125 202.332250
202.332250 222.770000
222.770000 223.097000
223.097000 223.140000
223.140000 223.200000
223.200000 223.410000
223.410000 223.920000
223.920000 224.140000
224.140000 224.230000
224.230000 224.701250
224.701250 224.908625
224.908625 229.729375
229.729375 230.119375
230.119375 230.399375
230.399375 230.919375
230.919375 231.246375
231.246375 233.716125
233.716125 234.162625
234.162625 235.948750
235.948750 236.186000
236.186000 238.996625
238.996625 239.305875
239.305875 239.587875
239.587875 239.904000
239.904000 252.542125
252.542125 252.912875
252.912875 252.972125
252.972125 253.262125
253.262125 253.768125
253.768125 253.952750
253.952750 254.167375
254.167375 254.310500
254.310500 254.432125
254.432125 254.642125
254.642125 254.872125
254.872125 255.072125
255.072125 255.222125
255.222125 255.472125
255.472125 255.572125
255.572125 256.102125
256.102125 256.271500
256.271500 264.136000
264.136000 264.487750
264.487750 264.652500
264.652500 264.986125
264.986125 265.203125
265.203125 271.058000
271.058000 271.525875
271.525875 271.953500
271.953500 272.380625
272.380625 272.733125
272.733125 273.292875
273.292875 273.975000
273.975000 274.280500
274.280500 277.637875
277.637875 278.015000
278.015000 278.137875
278.137875 278.197875
278.197875 278.367875
278.367875 278.657875
278.657875 278.867875
278.867875 278.987875
278.987875 279.157875
279.157875 279.217875
279.217875 279.705625
279.705625 279.944625
279.944625 281.541875
281.541875 281.785875
281.785875 281.961375
281.961375 282.287375
282.287375 282.554250
282.554250 285.553875
285.553875 285.953750
285.953750 286.256125
286.256125 286.589625
286.589625 298.102750
298.102750 298.402750
298.402750 298.747875
298.747875 299.073250
299.073250 300.087500
300.087500 300.373875
300.373875 300.617250
300.617250 301.259625
301.259625 301.368500
301.368500 303.407750
303.407750 303.772125
303.772125 304.513625
304.513625 305.596250
305.596250 305.976125
305.976125 306.220875
306.220875 306.372125
306.372125 306.702125
306.702125 306.782125
306.782125 307.011000
307.011000 307.331125
307.331125 307.372125
307.372125 307.532125
307.532125 307.822125
307.822125 308.072125
308.072125 308.132125
308.132125 308.312125
308.312125 308.382125
308.382125 308.732125
308.732125 309.122125
309.122125 309.292125
309.292125 309.372125
309.372125 309.522125
309.522125 310.055750
310.055750 310.382000
310.382000 320.011250
320.011250 320.681250
320.681250 320.989625
320.989625 321.502750
321.502750 329.080375
329.080375 329.556000
329.556000 329.815750
329.815750 330.141500
330.141500 342.927250
342.927250 343.347125
343.347125 343.745125
343.745125 344.067250
344.067250 344.407250
344.407250 344.827250
344.827250 345.087250
345.087250 345.847250
345.847250 346.195125
346.195125 346.896375
346.896375 347.517250
347.517250 347.760125
347.760125 347.827625
347.827625 352.233625
352.233625 352.534625
352.534625 353.808500
353.808500 353.998750
353.998750 362.218125
362.218125 362.480875
362.480875 362.588125
362.588125 362.918125
362.918125 363.152250
363.152250 363.412500
363.412500 365.979625
365.979625 366.176375
366.176375 366.479625
366.479625 366.538250
366.538250 366.588250
366.588250 366.848250
366.848250 366.988250
366.988250 367.098250
367.098250 367.588250
367.588250 368.018250
368.018250 368.128250
368.128250 368.298250
368.298250 368.588250
368.588250 368.822500
368.822500 369.699625
369.699625 370.209125
370.209125 370.864625
370.864625 371.749250
371.749250 372.489250
372.489250 372.829250
372.829250 373.194875
373.194875 373.533875
373.533875 373.599250
373.599250 374.119250
374.119250 374.439250
374.439250 374.560500
374.560500 375.002125
375.002125 375.097250
375.097250 375.293125
375.293125 375.659250
375.659250 375.919250
375.919250 376.079250
376.079250 376.319250
376.319250 376.629250
376.629250 376.759250
376.759250 376.829250
376.829250 377.475250
377.475250 377.734125
377.734125 377.934125
377.934125 378.034125
378.034125 378.124125
378.124125 378.354125
378.354125 378.534125
378.534125 378.944125
378.944125 379.434125
379.434125 379.657250
379.657250 379.924125
379.924125 380.234125
380.234125 380.551750
380.551750 380.830500
380.830500 380.894125
380.894125 381.024125
381.024125 381.434125
381.434125 381.884125
381.884125 382.004125
382.004125 382.464125
382.464125 382.554125
382.554125 382.614125
382.614125 382.854125
382.854125 382.924125
382.924125 383.200875
383.200875 383.379250
383.379250 383.665500
383.665500 383.794125
383.794125 384.034125
384.034125 384.464125
384.464125 384.688125
384.688125 384.910250
384.910250 385.248875
385.248875 385.734125
385.734125 385.804125
385.804125 386.284125
386.284125 386.374125
386.374125 386.624125
386.624125 386.794125
386.794125 387.141500
387.141500 387.544500
387.544500 387.974125
387.974125 388.034125
388.034125 388.384125
388.384125 388.604125
388.604125 388.864125
388.864125 389.014125
389.014125 391.176375
391.176375 391.483250
391.483250 392.561375
392.561375 392.631000
392.631000 393.498125
393.498125 394.021375
394.021375 394.475000
394.475000 395.160375
395.160375 395.861125
395.861125 397.187250
397.187250 397.530375
397.530375 397.810375
397.810375 398.350375
398.350375 398.620375
398.620375 398.870375
398.870375 398.990375
398.990375 399.160375
399.160375 399.590375
399.590375 400.607125
400.607125 400.885125
400.885125 409.004375
409.004375 409.371750
409.371750 409.741375
409.741375 410.152000
410.152000 423.774250
423.774250 424.172000
424.172000 424.586375
424.586375 424.880000
424.880000 430.497875
430.497875 430.767875
430.767875 431.458375
431.458375 432.199250
432.199250 432.949250
432.949250 433.249250
433.249250 433.832375
433.832375 434.773375
434.773375 435.125750
435.125750 448.893750
448.893750 449.384125
449.384125 449.696000
449.696000 450.093750
450.093750 450.560875
450.560875 450.633750
450.633750 450.743750
450.743750 450.973750
450.973750 451.263750
451.263750 451.443750
451.443750 451.503750
451.503750 451.693750
451.693750 451.753750
451.753750 452.033750
452.033750 452.453750
452.453750 452.593750
452.593750 453.028000
453.028000 453.533750
453.533750 453.803750
453.803750 453.993750
453.993750 454.223750
454.223750 454.653750
454.653750 454.733750
454.733750 454.823750
454.823750 455.113750
455.113750 455.795500
455.795500 455.808875
455.808875 457.047625
457.047625 457.356250
457.356250 457.527625
457.527625 457.755250
457.755250 458.006125
458.006125 458.013625
458.013625 461.878750
461.878750 462.006625
462.006625 475.151250
475.151250 475.526125
475.526125 476.236500
476.236500 476.648125
476.648125 480.639875
480.639875 481.119750
481.119750 481.229875
481.229875 481.509875
481.509875 481.709875
481.709875 481.929875
481.929875 482.179875
482.179875 482.419875
482.419875 482.729875
482.729875 483.249375
483.249375 483.673625
483.673625 484.233750
484.233750 484.418750
484.418750 484.539875
484.539875 484.857125
484.857125 485.132375
485.132375 485.300750
485.300750 485.708375
485.708375 485.979500
485.979500 486.078750
486.078750 486.328750
486.328750 486.428750
486.428750 486.788750
486.788750 487.931500
487.931500 488.281875
488.281875 488.848750
488.848750 489.158750
489.158750 489.368750
489.368750 489.668750
489.668750 489.778750
489.778750 490.198750
490.198750 490.649625
490.649625 490.928750
490.928750 491.028750
491.028750 491.278750
491.278750 491.474875
491.474875 491.825125
491.825125 491.908750
491.908750 492.088750
492.088750 492.748750
492.748750 492.838750
492.838750 493.008750
493.008750 493.118750
493.118750 493.288750
493.288750 493.848750
493.848750 494.304750
494.304750 494.737875
494.737875 495.318750
495.318750 495.840000
495.840000 496.091000
496.091000 496.553250
496.553250 496.634125
496.634125 496.834125
496.834125 497.084125
497.084125 497.374125
497.374125 498.004125
498.004125 498.164125
498.164125 498.654125
498.654125 498.804125
498.804125 499.314125
499.314125 499.784125
499.784125 500.104125
500.104125 500.414125
500.414125 500.714125
500.714125 501.214125
501.214125 501.574125
501.574125 501.654125
501.654125 502.304000
502.304000 503.106875
503.106875 503.384125
503.384125 503.554125
503.554125 504.132000
504.132000 504.458750
504.458750 504.833375
504.833375 504.948750
504.948750 505.118750
505.118750 505.178750
505.178750 505.298750
505.298750 505.468750
505.468750 505.638750
505.638750 506.162625
506.162625 506.384750
506.384750 506.688750
506.688750 507.298750
507.298750 507.358750
507.358750 507.618750
507.618750 507.988750
507.988750 508.118750
508.118750 508.203375
508.203375 508.369375
508.369375 508.504875
508.504875 508.808750
508.808750 509.138750
509.138750 509.208750
509.208750 509.919375
509.919375 510.510250
510.510250 511.328750
511.328750 511.998750
511.998750 512.358750
512.358750 512.768750
512.768750 512.938750
512.938750 513.228750
513.228750 513.408750
513.408750 513.993875
513.993875 514.242000
514.242000 532.613250
532.613250 533.026250
533.026250 533.292375
533.292375 533.743625
533.743625 536.350500
536.350500 536.800500
536.800500 537.050500
537.050500 537.200500
537.200500 537.430500
537.430500 537.799125
537.799125 538.190875
538.190875 538.568875
538.568875 538.730500
538.730500 538.840500
538.840500 538.900500
538.900500 539.570500
539.570500 539.730500
539.730500 539.790500
539.790500 540.540500
540.540500 540.670500
540.670500 540.780500
540.780500 541.402375
541.402375 541.840875
541.840875 542.120500
542.120500 542.196750
542.196750 542.330875
542.330875 542.415000
542.415000 542.734000
542.734000 543.070125
543.070125 543.461125
543.461125 543.633375
543.633375 544.662250
544.662250 544.966750
544.966750 545.312250
545.312250 545.648125
545.648125 550.030250
550.030250 550.379375
550.379375 550.832500
550.832500 551.376625
551.376625 551.626750
551.626750 551.903125
551.903125 564.633625
564.633625 565.066625
565.066625 565.541875
565.541875 565.973750
565.973750 588.666125
588.666125 588.958625
588.958625 590.535500
590.535500 591.093125
591.093125 592.572000
592.572000 592.994625
592.994625 593.092000
593.092000 593.332000
593.332000 593.542000
593.542000 593.852000
593.852000 593.942000
593.942000 594.162000
594.162000 594.262000
594.262000 594.372000
594.372000 594.702000
594.702000 595.252000
595.252000 595.535000
595.535000 596.021875
596.021875 596.189125
596.189125 597.305500
597.305500 597.787500
597.787500 598.400125
598.400125 598.423250
598.423250 599.424875
